Number of events to cluster:  13858
 + Calculating the distance matrix
 + Running GMM
XX [[ 63.39622    -24.0503    ]
 [ 63.48627667 -24.0503    ]
 [ 63.57633333 -24.0503    ]
 [ 63.66639    -24.0503    ]
 [ 63.75644667 -24.0503    ]
 [ 63.84650333 -24.0503    ]
 [ 63.93656    -24.0503    ]
 [ 64.02661667 -24.0503    ]
 [ 64.11667333 -24.0503    ]
 [ 64.20673    -24.0503    ]
 [ 63.39622    -23.71780778]
 [ 63.48627667 -23.71780778]
 [ 63.57633333 -23.71780778]
 [ 63.66639    -23.71780778]
 [ 63.75644667 -23.71780778]
 [ 63.84650333 -23.71780778]
 [ 63.93656    -23.71780778]
 [ 64.02661667 -23.71780778]
 [ 64.11667333 -23.71780778]
 [ 64.20673    -23.71780778]
 [ 63.39622    -23.38531556]
 [ 63.48627667 -23.38531556]
 [ 63.57633333 -23.38531556]
 [ 63.66639    -23.38531556]
 [ 63.75644667 -23.38531556]
 [ 63.84650333 -23.38531556]
 [ 63.93656    -23.38531556]
 [ 64.02661667 -23.38531556]
 [ 64.11667333 -23.38531556]
 [ 64.20673    -23.38531556]
 [ 63.39622    -23.05282333]
 [ 63.48627667 -23.05282333]
 [ 63.57633333 -23.05282333]
 [ 63.66639    -23.05282333]
 [ 63.75644667 -23.05282333]
 [ 63.84650333 -23.05282333]
 [ 63.93656    -23.05282333]
 [ 64.02661667 -23.05282333]
 [ 64.11667333 -23.05282333]
 [ 64.20673    -23.05282333]
 [ 63.39622    -22.72033111]
 [ 63.48627667 -22.72033111]
 [ 63.57633333 -22.72033111]
 [ 63.66639    -22.72033111]
 [ 63.75644667 -22.72033111]
 [ 63.84650333 -22.72033111]
 [ 63.93656    -22.72033111]
 [ 64.02661667 -22.72033111]
 [ 64.11667333 -22.72033111]
 [ 64.20673    -22.72033111]
 [ 63.39622    -22.38783889]
 [ 63.48627667 -22.38783889]
 [ 63.57633333 -22.38783889]
 [ 63.66639    -22.38783889]
 [ 63.75644667 -22.38783889]
 [ 63.84650333 -22.38783889]
 [ 63.93656    -22.38783889]
 [ 64.02661667 -22.38783889]
 [ 64.11667333 -22.38783889]
 [ 64.20673    -22.38783889]
 [ 63.39622    -22.05534667]
 [ 63.48627667 -22.05534667]
 [ 63.57633333 -22.05534667]
 [ 63.66639    -22.05534667]
 [ 63.75644667 -22.05534667]
 [ 63.84650333 -22.05534667]
 [ 63.93656    -22.05534667]
 [ 64.02661667 -22.05534667]
 [ 64.11667333 -22.05534667]
 [ 64.20673    -22.05534667]
 [ 63.39622    -21.72285444]
 [ 63.48627667 -21.72285444]
 [ 63.57633333 -21.72285444]
 [ 63.66639    -21.72285444]
 [ 63.75644667 -21.72285444]
 [ 63.84650333 -21.72285444]
 [ 63.93656    -21.72285444]
 [ 64.02661667 -21.72285444]
 [ 64.11667333 -21.72285444]
 [ 64.20673    -21.72285444]
 [ 63.39622    -21.39036222]
 [ 63.48627667 -21.39036222]
 [ 63.57633333 -21.39036222]
 [ 63.66639    -21.39036222]
 [ 63.75644667 -21.39036222]
 [ 63.84650333 -21.39036222]
 [ 63.93656    -21.39036222]
 [ 64.02661667 -21.39036222]
 [ 64.11667333 -21.39036222]
 [ 64.20673    -21.39036222]
 [ 63.39622    -21.05787   ]
 [ 63.48627667 -21.05787   ]
 [ 63.57633333 -21.05787   ]
 [ 63.66639    -21.05787   ]
 [ 63.75644667 -21.05787   ]
 [ 63.84650333 -21.05787   ]
 [ 63.93656    -21.05787   ]
 [ 64.02661667 -21.05787   ]
 [ 64.11667333 -21.05787   ]
 [ 64.20673    -21.05787   ]]
number of events 0
